+-----+------------------+-------------------+--------------------+-----------------+--------+
|  SN |      c-diff      |      t0-diff      |      x0-diff       |     x1-diff     | z-diff |
+-----+------------------+-------------------+--------------------+-----------------+--------+
|  1  |  0.045787783492  | -0.00981589999719 |  -0.042597197784   |  -0.00529233915 |  0.0   |
|  2  |  0.06813662432   |  0.00660580000113 |  -0.0047195172311  |   0.0074085675  |  0.0   |
|  3  |  0.074180636377  |  0.00132840000151 | -0.00093133274656  |  0.01186364192  |  0.0   |
|  4  | 0.0138492636526  |  0.00372879999486 | -3.3784997316e-05  |  0.00346961015  |  0.0   |
|  8  |  0.019064309346  |  -0.0116449999987 | -0.00042530036695  |  -0.01605408655 |  0.0   |
|  10 |  -33.8586854639  |   0.185585799998  | 0.000516196109877  |  2.46573890443  |  0.0   |
|  11 |  0.059875548895  | -0.00114400000166 | -0.00051767493455  |  0.01823480695  |  0.0   |
|  12 |  0.641238005455  |  -0.0242175000021 |  -0.0298370455965  |   0.0056183174  |  0.0   |
|  14 |  0.045420655291  |  0.0313477000018  | -0.00028695659016  |  0.066659532881 |  0.0   |
|  15 |  0.223830943598  |  0.0257797999948  | -0.000601548432754 |  -0.01961275803 |  0.0   |
|  16 |  0.031665353072  |  0.0256776000024  |  -7.901096747e-05  |  -0.04317999338 |  0.0   |
|  19 |  0.057913323991  |  0.0195173000029  | -0.000165129049708 |  0.037389270305 |  0.0   |
|  20 |  0.126378839336  | -0.00364740000077 |   -0.60631589721   | -0.009328978062 |  0.0   |
|  21 |  0.785756668465  |  0.0170501999964  |  -0.0064168685905  |  0.10351791126  |  0.0   |
|  22 |  0.954149925963  |  -0.109033599998  |  -0.0108809843679  |  -0.08909983104 |  0.0   |
|  23 |  0.408023182832  |  0.0134505000024  |  -0.016333051796   |  0.01301187608  |  0.0   |
|  24 |  0.049021585222  |  -0.0179936000059 | -0.00035078748742  |  -0.00206838732 |  0.0   |
|  25 | -0.0026353886696 |   0.023205599995  |  -8.660275627e-05  | 0.0180424357629 |  0.0   |
|  26 |  0.027398015079  |  -0.0769694000046 | -2.0417492864e-05  | -0.124131188344 |  0.0   |
|  27 |  0.107647243712  |  -0.0754388999994 | -0.000227688764743 |  -0.04783850555 |  0.0   |
|  34 |  0.201958711926  |  0.00610740000411 |  -0.0177602815332  |  0.05392765525  |  0.0   |
|  35 |  0.043994584545  |  0.0118654000034  |  -0.0025154302893  |  0.00090895373  |  0.0   |
|  36 |  0.61507707218   |  0.0429549999972  | -0.00572117617155  |  0.04974726806  |  0.0   |
|  37 |  0.099157473995  |  -0.0748872999975 | -0.00080891532725  | -0.048138740728 |  0.0   |
|  38 |  0.111553721409  |  -0.0126061000046 | -0.000343478403132 |   -0.018544087  |  0.0   |
|  39 |  0.024977080526  |  0.00599569999758 | -0.00023993763635  |  0.00815399528  |  0.0   |
|  40 |  0.126916206947  |  -0.0709537999937 | -0.000230654874148 |  -0.03315690733 |  0.0   |
|  42 |  0.008990494256  |  0.00114939999912 | -0.00011986818899  |  -0.00078590003 |  0.0   |
|  43 |  0.355884091233  |  0.0248474999971  |  -0.010001001532   |  0.01279559309  |  0.0   |
|  45 |  0.047050075166  |  0.0692774999989  | -5.4349074142e-05  |   0.0166662582  |  0.0   |
|  46 |  0.000247292866  |  0.0791907000021  | -4.9309569593e-05  |  0.056656306782 |  0.0   |
|  47 |  0.199461336142  |  0.0052113999991  | -0.00225669681324  |  -0.00855048953 |  0.0   |
|  48 |  -2.80261115405  |   0.135897499997  | 0.000557827701051  |  0.47513154068  |  0.0   |
|  50 |  1.83886887869   |  -0.0511407000013 |   -1.0189925832    |  0.045543684005 |  0.0   |
|  51 |  -12.3633436662  |   0.508523100005  |  0.00195592299403  |  2.13615317863  |  0.0   |
|  52 |  0.813134334603  |  -0.0246772000028 |  -0.0291338094913  |  -0.02421696954 |  0.0   |
|  53 |  0.028648191953  |  -0.0180689999979 | -0.00023109253045  |  -0.00799457623 |  0.0   |
|  55 |   0.0831287527   |  -0.0220712000009 |  -0.0123183025257  |  -0.02349814812 |  0.0   |
|  57 |  -30.4100314868  |   0.962849300005  | 0.000579411146604  |   3.4483527302  |  0.0   |
|  58 |  0.763890778587  |  -0.0441045999978 |  -0.0224371088579  | -0.056215794987 |  0.0   |
|  59 |  0.124131339638  |     0.0526264     | -0.000323863591396 |  0.09375988607  |  0.0   |
|  60 |  0.438385485041  |  -0.137639100001  | -0.00132172914944  | -0.137654120605 |  0.0   |
|  61 |  0.097811658491  |  -0.0182153999995 | -0.00089788667698  |  -0.01675127042 |  0.0   |
|  63 |  0.127304470277  |     -0.0916029    | -0.000227036903435 | -0.099764231736 |  0.0   |
|  64 |  0.128692141617  |  0.00197069999558 | -0.00016656814905  |  0.01169929473  |  0.0   |
|  65 |  0.878602164285  |  -0.0511165999997 |  -0.138033998229   |  -0.01725746133 |  0.0   |
|  66 |  0.189186314763  |  -0.0153053000031 | -0.000549952798036 |  -0.00994259673 |  0.0   |
|  67 |  0.030836511543  |  0.0256801999931  | -0.00016696812676  |  -0.00081546026 |  0.0   |
|  68 |  0.02180219956   |  -0.0479408000028 | -0.000158354324913 | -0.098306420297 |  0.0   |
|  69 |  0.01683759127   |  -0.0372837999967 | -9.7507558066e-05  |  -0.00744763531 |  0.0   |
|  70 |  0.109173643008  |  0.0080980000057  | -0.000259556325533 |  -0.00825612415 |  0.0   |
|  72 |  0.006800093509  |  0.0128547000058  |  -0.0014365489187  |  0.01247259014  |  0.0   |
|  73 |  0.21818291061   | -0.00229440000112 | -0.00353175135557  |  0.00134188751  |  0.0   |
|  75 |  -1.10077244553  |     -1.1478073    |  0.00577373557976  |  5.66289180224  |  0.0   |
|  76 | 0.0309041654004  |   0.024493500001  | -0.00090136947471  |  0.01115249978  |  0.0   |
|  77 |  0.065037085753  |  -0.0179101999965 | -0.000187682218578 |  -0.04025670033 |  0.0   |
|  78 |  0.007427909262  |  -0.0387476999967 | -4.0752813216e-05  |  -0.01038773325 |  0.0   |
|  79 | -0.0027462940971 |  0.0306611000051  |  -4.802617189e-05  |  0.00722810277  |  0.0   |
|  80 | -0.0028304118329 |  0.0127732000037  | -2.6001412526e-05  |  0.07217003064  |  0.0   |
|  81 |  0.042376755934  |  0.0286846000017  |  -9.475280043e-05  |  -0.04789324835 |  0.0   |
|  82 |  0.128262403448  |  -0.0221051000044 | -0.00127594021557  |  -0.01217023722 |  0.0   |
|  83 |  0.123247376142  | -0.00978270000633 | -0.00219603792942  |  0.01415353186  |  0.0   |
|  86 |  0.188836957496  |  -0.0155448000005 | -0.00114373478744  |  -0.01002668286 |  0.0   |
|  87 |  0.103796684001  |  -0.0823469000024 | -0.000245424819855 |  -0.07460382952 |  0.0   |
|  89 |  0.06117251046   |  -0.0393784999978 | -0.00135640568189  |  -0.03632331935 |  0.0   |
|  90 |  0.096253970303  |  0.0245311000035  | -0.00195122106517  |  0.036457166124 |  0.0   |
|  92 |  0.075620023492  | 0.000242099995376 |  -0.0140918531969  |  -0.00253499684 |  0.0   |
|  94 |  0.116278555305  | -0.00418809999974 |  -0.0010642277724  |  0.00672137495  |  0.0   |
|  95 |  0.058621944233  |  -0.0031422999964 |  -0.034410653288   | -0.005542604563 |  0.0   |
|  96 |  0.104805456313  |  0.0269190000035  | -0.00112834450981  |  0.01960079852  |  0.0   |
|  97 |  0.534441075782  |   0.030382900004  |  -0.0153902285789  |  0.01722226082  |  0.0   |
|  98 |  0.177573281234  |  0.00580799999443 | -0.000641852620541 |  0.02524890958  |  0.0   |
| 100 |  0.945555006263  |   0.121641699996  |  -0.0207233267964  |  0.13350406813  |  0.0   |
+-----+------------------+-------------------+--------------------+-----------------+--------+